LINE: 0	691.323706
	230306.546400	904648.250200	230308.437200	904570.750300
	230302.577900	904746.250100	230306.546400	904648.250200
	230294.890200	904834.812800	230302.577900	904746.250100
	230291.249900	904922.375000	230294.890200	904834.812800
	230289.227500	904979.643800	230291.249900	904922.375000
	230288.484100	905000.687500	230289.227500	904979.643800
	230285.859000	905093.187400	230288.484100	905000.687500
	230285.812400	905094.437700	230285.859000	905093.187400
	230283.526900	905150.804800	230285.812400	905094.437700
	230282.030800	905187.687800	230283.526900	905150.804800
	230280.280800	905257.812800	230282.030800	905187.687800
	230280.187100	905261.375300	230280.280800	905257.812800
LINE: 1	870.214513
	229557.655800	903775.250300	229550.372000	903802.731400
	229574.734000	903711.375200	229557.655800	903775.250300
	229592.296700	903643.625300	229574.734000	903711.375200
	229608.890600	903582.812500	229592.296700	903643.625300
	229628.796600	903512.937800	229608.890600	903582.812500
	229646.187200	903443.499900	229628.796600	903512.937800
	229662.312100	903383.437700	229646.187200	903443.499900
	229676.655800	903324.374900	229662.312100	903383.437700
	229693.031100	903263.250300	229676.655800	903324.374900
	229711.906000	903192.937800	229693.031100	903263.250300
	229726.562000	903138.000200	229711.906000	903192.937800
	229742.062300	903079.187800	229726.562000	903138.000200
	229758.687400	903019.000200	229742.062300	903079.187800
	229773.640400	902961.687400	229758.687400	903019.000200
LINE: 2	831.213301
	229470.249700	903683.687800	229454.737600	903736.764800
	229481.452800	903639.187800	229470.249700	903683.687800
	229501.515500	903568.125300	229481.452800	903639.187800
	229513.343700	903521.187700	229501.515500	903568.125300
	229542.796500	903415.874900	229513.343700	903521.187700
	229571.062500	903310.562700	229542.796500	903415.874900
	229596.296400	903207.250300	229571.062500	903310.562700
	229618.077900	903126.687600	229596.296400	903207.250300
	229621.103800	903115.441000	229618.077900	903126.687600
	229642.202800	903037.000000	229621.103800	903115.441000
	229643.319000	903032.802700	229642.202800	903037.000000
	229669.624500	902933.875100	229643.319000	903032.802700
LINE: 3	711.980303
	230616.968400	904283.750300	230604.296400	904317.750100
	230642.952900	904226.062700	230616.968400	904283.750300
	230668.187300	904166.312800	230642.952900	904226.062700
	230697.296600	904102.687600	230668.187300	904166.312800
	230719.374500	904049.749900	230697.296600	904102.687600
	230747.484400	903990.250400	230719.374500	904049.749900
	230769.640100	903941.750100	230747.484400	903990.250400
	230791.328000	903890.437500	230769.640100	903941.750100
	230810.577600	903847.812500	230791.328000	903890.437500
	230836.296400	903787.562900	230810.577600	903847.812500
	230864.452800	903720.875400	230836.296400	903787.562900
	230890.359000	903665.937800	230864.452800	903720.875400
LINE: 4	1083.287408
	230288.994500	905451.614100	230264.843500	905475.250000
	230302.203100	905438.687600	230288.994500	905451.614100
	230304.890600	905435.812700	230302.203100	905438.687600
	230333.984000	905405.062500	230304.890600	905435.812700
	230358.734000	905378.437500	230333.984000	905405.062500
	230390.249700	905344.437600	230388.687100	905346.250100
	230407.078100	905324.812700	230390.249700	905344.437600
	230443.765500	905281.062800	230407.078100	905324.812700
	230464.046800	905257.812800	230443.765500	905281.062800
	230475.874500	905244.250000	230464.046800	905257.812800
	230478.846700	905240.688000	230475.874500	905244.250000
	230515.296500	905197.000000	230478.846700	905240.688000
	230522.062000	905188.937600	230515.296500	905197.000000
	230559.702700	905143.500100	230522.062000	905188.937600
	230573.781200	905127.187800	230559.702700	905143.500100
	230605.937400	905089.875300	230573.781200	905127.187800
	230639.109300	905051.812700	230605.937400	905089.875300
	230661.453000	905023.937400	230639.109300	905051.812700
	230685.343400	904996.000100	230661.453000	905023.937400
	230689.601700	904990.837600	230685.343400	904996.000100
	230702.562000	904975.125400	230689.601700	904990.837600
	230711.874800	904963.875200	230702.562000	904975.125400
	230737.390300	904932.812700	230711.874800	904963.875200
	230766.890200	904898.437500	230737.390300	904932.812700
	230789.711100	904871.638400	230766.890200	904898.437500
	230801.484000	904857.812800	230789.711100	904871.638400
	230852.734200	904795.750300	230801.484000	904857.812800
	230886.640300	904755.250000	230852.734200	904795.750300
	230904.187100	904733.187400	230886.640300	904755.250000
	230911.046900	904724.625300	230904.187100	904733.187400
	230933.890300	904699.437400	230911.046900	904724.625300
	230954.312400	904675.125100	230933.890300	904699.437400
	230972.546800	904655.687500	230954.312400	904675.125100
	230388.687100	905346.250100	230358.734000	905378.437500
LINE: 5	660.129938
	230704.437500	904957.812600	230730.812100	904926.000000
	230695.405800	904968.437600	230703.124700	904959.375200
	230681.556200	904984.678800	230695.405800	904968.437600
	230673.234100	904994.437500	230681.556200	904984.678800
	230655.708400	905014.905700	230673.234100	904994.437500
	230653.593300	905017.375100	230655.708400	905014.905700
	230630.374600	905044.625300	230653.593300	905017.375100
	230600.497900	905080.763200	230630.374600	905044.625300
	230566.405800	905122.000200	230600.497900	905080.763200
	230552.221400	905138.265500	230566.405800	905122.000200
	230508.468400	905188.437900	230552.221400	905138.265500
	230470.268100	905234.202000	230506.921700	905190.250400
	230450.577600	905257.812800	230470.268100	905234.202000
	230436.015300	905275.250000	230450.577600	905257.812800
	230387.562200	905331.499900	230436.015300	905275.250000
	230355.249900	905368.687500	230387.562200	905331.499900
	230350.125800	905374.167400	230355.249900	905368.687500
	230321.937100	905404.312400	230350.125800	905374.167400
	230297.967800	905427.250500	230321.937100	905404.312400
	230703.124700	904959.375200	230704.437500	904957.812600
LINE: 6	1298.256162
	233670.140600	901784.937800	233685.805300	901768.311100
	233625.404100	901835.508600	233670.140600	901784.937800
	233576.609000	901888.437600	233625.404100	901835.508600
	233554.899700	901913.260900	233576.609000	901888.437600
	233503.833800	901969.104200	233554.899700	901913.260900
	233475.124900	902000.000400	233503.833800	901969.104200
	233458.265300	902018.875200	233475.124900	902000.000400
	233409.506000	902072.481600	233458.265300	902018.875200
	233376.687300	902108.562800	233409.506000	902072.481600
	233317.405900	902174.250400	233376.687300	902108.562800
	233284.937400	902209.812800	233315.765500	902176.062800
	233259.640500	902237.500300	233284.937400	902209.812800
	233203.593400	902297.562500	233259.640500	902237.500300
	233149.484200	902357.937500	233203.593400	902297.562500
	233101.233900	902410.375000	233149.484200	902357.937500
	233064.995500	902449.188700	233101.233900	902410.375000
	233029.421800	902487.250300	233064.995500	902449.188700
	232999.999700	902520.437600	233029.421800	902487.250300
	232975.484600	902548.032400	232999.999700	902520.437600
	232964.848900	902560.167800	232975.484600	902548.032400
	232945.922300	902580.385600	232964.848900	902560.167800
	232936.656100	902590.375300	232945.922300	902580.385600
	232900.837100	902629.395800	232936.656100	902590.375300
	232877.128900	902657.371500	232900.837100	902629.395800
	232816.879300	902722.299200	232877.128900	902657.371500
	232811.560700	902727.973700	232816.879300	902722.299200
	233315.765500	902176.062800	233317.405900	902174.250400
LINE: 7	669.370988
	232776.533200	901623.656800	232835.346600	901576.745800
	232737.214700	901655.363900	232776.533200	901623.656800
	232687.093500	901694.875000	232737.214700	901655.363900
	232641.312500	901733.125000	232687.093500	901694.875000
	232618.718900	901752.360300	232641.312500	901733.125000
	232561.562300	901796.125000	232618.718900	901752.360300
	232502.812400	901843.125100	232561.562300	901796.125000
	232478.796500	901862.625100	232502.812400	901843.125100
	232425.202900	901906.562400	232478.796500	901862.625100
	232397.558000	901931.232100	232425.202900	901906.562400
	232370.046700	901955.062600	232397.558000	901931.232100
	232343.405800	901976.500100	232370.046700	901955.062600
	232316.968700	902000.000400	232343.405800	901976.500100
LINE: 8	1217.528453
	232931.209900	901304.856400	232886.187200	901340.312400
	232849.515200	901369.062800	232886.187200	901340.312400
	232809.803000	901401.272200	232849.515200	901369.062800
	232749.874900	901449.875300	232809.803000	901401.272200
	232641.860300	901536.993600	232749.874900	901449.875300
	232526.778600	901632.018800	232641.860300	901536.993600
	232477.499600	901674.812800	232526.778600	901632.018800
	232441.687300	901702.500200	232477.499600	901674.812800
	232404.093700	901729.125200	232441.687300	901702.500200
	232263.405300	901838.837600	232404.093700	901729.125200
	232221.515500	901869.125000	232263.405300	901838.837600
	232170.218700	901905.500000	232221.515500	901869.125000
	232125.546700	901937.000300	232170.218700	901905.500000
	232084.403900	901964.075400	232125.546700	901937.000300
	232066.261700	901974.923100	232084.403900	901964.075400
	232051.077800	901984.000400	232066.261700	901974.923100
	233014.475500	901240.907600	232931.209900	901304.856400
LINE: 9	686.621722
	233343.430400	901179.451800	233375.656100	901153.312600
	233280.591600	901227.299200	233343.430400	901179.451800
	233236.885200	901260.874600	233280.591600	901227.299200
	233202.152100	901287.793000	233236.885200	901260.874600
	233148.547300	901328.543100	233202.152100	901287.793000
	233119.218900	901353.506700	233148.547300	901328.543100
	233028.484300	901427.625300	233119.218900	901353.506700
	232999.999700	901451.499900	233028.484300	901427.625300
	232983.640300	901464.187800	232999.999700	901451.499900
	232953.720000	901487.610200	232983.640300	901464.187800
	232908.363500	901523.495800	232953.720000	901487.610200
	232876.216500	901546.425200	232908.363500	901523.495800
	232851.800800	901564.317500	232876.216500	901546.425200
	232835.346600	901576.745800	232851.800800	901564.317500
LINE: 10	1047.165617
	230424.062200	903581.750100	230465.296600	903547.187600
	230385.265400	903610.562400	230424.062200	903581.750100
	230349.515500	903634.812800	230385.265400	903610.562400
	230308.812500	903659.687800	230349.515500	903634.812800
	230260.233900	903689.687400	230308.812500	903659.687800
	230234.045100	903706.025800	230260.233900	903689.687400
	230218.937000	903714.812800	230234.045100	903706.025800
	230173.624500	903742.875000	230218.937000	903714.812800
	230132.312300	903768.250200	230173.624500	903742.875000
	230082.327800	903798.500200	230132.312300	903768.250200
	229991.343300	903852.062600	230082.327800	903798.500200
	229929.843400	903887.687500	229991.343300	903852.062600
	229869.124800	903924.062600	229929.843400	903887.687500
	229801.843400	903963.187600	229869.124800	903924.062600
	229737.452800	904002.312600	229801.843400	903963.187600
	229669.296800	904042.500000	229737.452800	904002.312600
	229632.937200	904064.437600	229669.296800	904042.500000
	229625.539800	904068.564300	229632.937200	904064.437600
	229610.640600	904076.875100	229625.539800	904068.564300
	229610.640600	904076.875100	229574.878900	904096.436100
LINE: 11	759.279644
	231942.162100	901108.888400	231898.812100	901142.437700
	231967.359200	901087.874900	231942.162100	901108.888400
	232040.452800	901031.187800	231967.359200	901087.874900
	232108.208900	900978.352500	232040.452800	901031.187800
	232162.952900	900936.250200	232108.208900	900978.352500
	232226.585300	900887.939400	232162.952900	900936.250200
	232243.215600	900875.039100	232226.585300	900887.939400
	232292.011200	900838.281100	232243.215600	900875.039100
	232338.422500	900802.834800	232292.011200	900838.281100
	232343.810300	900798.630800	232338.422500	900802.834800
	232398.452900	900755.250000	232343.810300	900798.630800
	232428.984000	900732.187500	232398.452900	900755.250000
	232449.233100	900717.062000	232428.984000	900732.187500
	232500.187300	900678.999900	232449.233100	900717.062000
LINE: 12	759.056841
	232389.453000	900632.937800	232433.921200	900597.905300
	232334.263500	900675.001200	232389.453000	900632.937800
	232228.551900	900756.080000	232334.263500	900675.001200
	232193.843400	900781.375300	232228.551900	900756.080000
	232163.780800	900804.875100	232193.843400	900781.375300
	232099.296500	900854.999900	232163.780800	900804.875100
	232043.434200	900896.808300	232099.296500	900854.999900
	231973.687000	900948.687700	232043.434200	900896.808300
	231876.400900	901028.002200	231973.687000	900948.687700
	231833.937100	901062.687600	231876.400900	901028.002200
LINE: 13	608.787371
	232462.203100	900838.187400	232515.599600	900798.167400
	232407.751400	900880.368500	232462.203100	900838.187400
	232354.484400	900919.496600	232407.751400	900880.368500
	232226.202800	901018.312600	232354.484400	900919.496600
	232193.030900	901044.500300	232226.202800	901018.312600
	232139.390200	901083.000200	232193.030900	901044.500300
	232131.753700	901088.768400	232139.390200	901083.000200
	232103.562500	901110.062400	232131.753700	901088.768400
	232057.199300	901141.341000	232103.562500	901110.062400
	232027.322600	901161.497500	232057.199300	901141.341000
LINE: 14	1171.641095
	232275.883700	902027.944300	232283.952900	902022.875000
	232224.280800	902060.312400	232275.883700	902027.944300
	232158.796500	902099.375000	232224.280800	902060.312400
	232101.593300	902128.937800	232158.796500	902099.375000
	232092.453100	902133.687700	232101.593300	902128.937800
	232062.812400	902147.937600	232092.453100	902133.687700
	232027.421400	902164.937600	232062.812400	902147.937600
	231969.921700	902191.750000	232027.421400	902164.937600
	231931.499700	902209.687400	231969.921700	902191.750000
	231908.156100	902220.687700	231931.281100	902209.812800
	231846.983900	902249.437600	231908.156100	902220.687700
	231773.796600	902283.125100	231846.983900	902249.437600
	231753.374900	902293.187400	231773.796600	902283.125100
	231701.046500	902318.875000	231753.374900	902293.187400
	231695.702700	902321.437600	231701.046500	902318.875000
	231648.452800	902344.250200	231695.702700	902321.437600
	231619.827900	902358.062400	231648.452800	902344.250200
	231612.406000	902361.624900	231619.827900	902358.062400
	231540.937400	902394.125200	231612.406000	902361.624900
	231511.405800	902407.562600	231540.937400	902394.125200
	231490.460400	902417.851800	231511.405800	902407.562600
	231474.890500	902425.500000	231490.460400	902417.851800
	231445.812400	902439.750000	231474.890500	902425.500000
	231421.743800	902451.945800	231445.812400	902439.750000
	231415.282400	902454.679900	231421.743800	902451.945800
	231379.905700	902471.937400	231415.282400	902454.679900
	231353.151200	902486.366600	231379.905700	902471.937400
	231284.185800	902520.911200	231353.151200	902486.366600
	231256.848600	902535.822700	231284.185800	902520.911200
	231242.558200	902543.775600	231256.848600	902535.822700
	231236.593900	902546.758000	231242.558200	902543.775600
LINE: 15	1921.668432
	232472.265400	902374.124900	232473.281200	902373.562700
	233529.999600	901815.874900	233550.867700	901804.603200
	233483.736800	901841.274200	233529.999600	901815.874900
	233438.106800	901865.324900	233483.736800	901841.274200
	233421.304500	901874.549600	233438.106800	901865.324900
	233378.312400	901895.250300	233421.304500	901874.549600
	233360.911100	901904.838500	233378.312400	901895.250300
	233325.343400	901924.437900	233360.911100	901904.838500
	233245.538500	901966.138700	233325.343400	901924.437900
	233216.469200	901981.505900	233245.538500	901966.138700
	233181.484200	902000.000400	233216.469200	901981.505900
	233164.986100	902009.133400	233181.484200	902000.000400
	233096.953000	902044.437900	233164.986100	902009.133400
	233029.499600	902079.562600	233096.953000	902044.437900
	232999.999700	902094.999900	233029.499600	902079.562600
	232971.921600	902109.625200	232999.999700	902094.999900
	232950.171900	902121.749900	232971.921600	902109.625200
	232902.649000	902146.802500	232950.171900	902121.749900
	232863.624900	902167.375200	232902.649000	902146.802500
	232783.452900	902209.624900	232863.624900	902167.375200
	232739.484400	902232.812400	232783.452900	902209.624900
	232704.874700	902251.062600	232739.484400	902232.812400
	232648.445100	902280.956800	232704.874700	902251.062600
	232636.454100	902287.288700	232648.445100	902280.956800
	232594.711300	902309.169000	232636.454100	902287.288700
	232572.780800	902320.749900	232594.711300	902309.169000
	232551.311100	902332.450700	232572.780800	902320.749900
	232473.281200	902373.562700	232551.311100	902332.450700
	232446.546600	902387.375000	232472.265400	902374.124900
	232392.015600	902415.500100	232446.546600	902387.375000
	232383.015100	902420.250000	232392.015600	902415.500100
	232336.296700	902445.125000	232383.015100	902420.250000
	232323.687100	902451.875200	232336.296700	902445.125000
	232290.890500	902468.875100	232323.687100	902451.875200
	232244.687100	902492.875100	232290.890500	902468.875100
	232235.687100	902497.749900	232244.687100	902492.875100
	232187.360500	902524.122000	232235.687100	902497.749900
	232144.062200	902547.750300	232187.360500	902524.122000
	232084.952800	902576.875400	232144.062200	902547.750300
	232049.984200	902595.312500	232084.952800	902576.875400
	232006.899900	902618.524500	232049.984200	902595.312500
	232002.421500	902620.937600	232006.899900	902618.524500
	231919.405800	902665.250200	232002.421500	902620.937600
	231892.109000	902679.562600	231919.405800	902665.250200
	231850.952900	902700.500300	231892.109000	902679.562600
LINE: 16	845.303386
	232388.327600	902241.937800	232457.546500	902216.687500
	232376.468700	902246.437700	232388.327600	902241.937800
	232313.999600	902270.187400	232376.468700	902246.437700
	232232.702700	902299.125100	232313.999600	902270.187400
	232154.218700	902329.500000	232232.702700	902299.125100
	232137.312500	902336.000400	232154.218700	902329.500000
	232055.280900	902363.625300	232137.312500	902336.000400
	232038.890200	902369.125200	232055.280900	902363.625300
	231956.859100	902399.312800	232038.890200	902369.125200
	231940.312300	902405.375300	231956.859100	902399.312800
	231869.328100	902430.750100	231940.312300	902405.375300
	231839.124700	902441.562500	231869.328100	902430.750100
	231820.109000	902448.375200	231839.124700	902441.562500
	231770.343600	902466.437500	231820.109000	902448.375200
	231730.196700	902482.355600	231770.343600	902466.437500
	231698.486500	902494.703000	231730.196700	902482.355600
	231698.486500	902494.703000	231663.624900	902506.624900
LINE: 17	986.001032
	234846.716600	902322.276200	234880.124100	902315.722600
	234708.819700	902346.794900	234846.716600	902322.276200
	234605.156100	902364.625300	234708.819700	902346.794900
	234469.367500	902387.572600	234605.156100	902364.625300
	234398.702800	902399.187800	234469.367500	902387.572600
	234335.468200	902410.000200	234398.702800	902399.187800
	234270.906100	902420.750200	234335.468200	902410.000200
	234198.374600	902431.937400	234270.906100	902420.750200
	234137.202900	902442.937700	234198.374600	902431.937400
	234087.984300	902451.062600	234137.202900	902442.937700
	234026.841800	902461.561200	234087.984300	902451.062600
	234009.613000	902465.314200	234026.841800	902461.561200
	233983.470800	902469.250400	234009.613000	902465.314200
	233949.374700	902474.500000	233983.470800	902469.250400
	233911.812300	902481.500000	233949.374700	902474.500000
	233908.327600	902482.125200	233911.812300	902481.500000
LINE: 18	750.991288
	232877.128900	902657.371500	232902.515400	902654.500200
	232843.463400	902663.061400	232877.128900	902657.371500
	232774.625000	902675.625300	232843.463400	902663.061400
	232769.703100	902676.562800	232774.625000	902675.625300
	232693.218500	902688.687500	232695.937200	902688.250200
	232662.374600	902693.875100	232693.218500	902688.687500
	232605.124800	902704.000400	232662.374600	902693.875100
	232555.859200	902712.125300	232605.124800	902704.000400
	232551.624900	902712.812400	232555.859200	902712.125300
	232520.490200	902717.653900	232551.624900	902712.812400
	232458.359000	902728.821600	232520.490200	902717.653900
	232440.062200	902731.062600	232458.359000	902728.821600
	232360.124600	902744.062800	232362.546400	902743.625100
	232294.968500	902756.500300	232360.124600	902744.062800
	232255.937200	902762.312600	232294.968500	902756.500300
	232215.343300	902770.437500	232255.937200	902762.312600
	232161.828100	902777.562500	232215.343300	902770.437500
	232362.546400	902743.625100	232440.062200	902731.062600
	232695.937200	902688.250200	232769.703100	902676.562800
LINE: 19	901.568966
	234683.578100	902194.375000	234821.196500	902170.880400
	234587.202800	902209.812800	234683.578100	902194.375000
	234581.937400	902210.624900	234587.202800	902209.812800
	234517.843700	902222.562700	234581.937400	902210.624900
	234444.827900	902235.250000	234517.843700	902222.562700
	234308.437200	902257.624900	234444.827900	902235.250000
	234171.984100	902279.937400	234308.437200	902257.624900
	234111.296700	902290.750300	234171.984100	902279.937400
	234062.374600	902300.374900	234111.296700	902290.750300
	233996.702900	902309.437800	234062.374600	902300.374900
	233931.968700	902319.062400	233996.702900	902309.437800
LINE: 20	932.259798
	233854.671600	902491.000200	233893.329600	902483.511700
	233852.343500	902491.437400	233854.671600	902491.000200
	233790.921400	902501.875100	233852.343500	902491.437400
	233785.859300	902502.687600	233790.921400	902501.875100
	233714.359000	902515.000200	233785.859300	902502.687600
	233669.515500	902521.937800	233714.359000	902515.000200
	233618.843300	902531.375000	233669.515500	902521.937800
	233562.231500	902541.115200	233618.843300	902531.375000
	233498.593500	902552.062800	233562.231500	902541.115200
	233398.952700	902569.250200	233498.593500	902552.062800
	233330.234100	902580.312400	233398.952700	902569.250200
	233255.405800	902593.000300	233330.234100	902580.312400
	233183.913200	902605.355400	233255.405800	902593.000300
	233100.702900	902620.374900	233183.913200	902605.355400
	233015.858900	902635.250000	233100.702900	902620.374900
	232999.999700	902637.249900	233015.858900	902635.250000
	232991.330500	902638.359900	232999.999700	902637.249900
	232979.502800	902639.771000	232991.330500	902638.359900
	232974.437100	902640.375200	232979.502800	902639.771000
LINE: 21	899.230978
	234696.155900	902267.937600	234834.140400	902246.312800
	234592.749800	902287.687500	234696.155900	902267.937600
	234529.374900	902298.000200	234592.749800	902287.687500
	234456.765100	902310.124900	234529.374900	902298.000200
	234320.765100	902332.125000	234456.765100	902310.124900
	234184.468700	902354.250100	234320.765100	902332.125000
	234123.390200	902365.437800	234184.468700	902354.250100
	234075.187400	902373.062500	234123.390200	902365.437800
	234011.655900	902384.875400	234075.187400	902373.062500
	233969.686700	902391.650700	234011.655900	902384.875400
	233947.390200	902395.250000	233969.686700	902391.650700
LINE: 22	833.999624
	234432.030900	902158.437700	234568.812200	902136.500100
	234618.202800	902127.375200	234568.812200	902136.500100
	234669.938400	902118.722400	234618.202800	902127.375200
	234808.393900	902094.066000	234669.938400	902118.722400
	234295.562500	902181.249900	234432.030900	902158.437700
	234158.937300	902205.687700	234295.562500	902181.249900
	234098.997500	902215.273300	234158.937300	902205.687700
	234049.265400	902222.937500	234098.997500	902215.273300
	233986.101500	902233.122200	234049.265400	902222.937500
LINE: 23	863.492423
	234743.129300	901707.202400	234801.173200	901697.278300
	234606.353600	901730.390400	234743.129300	901707.202400
	234393.111800	901764.564800	234606.353600	901730.390400
	234172.684000	901802.289000	234393.111800	901764.564800
	234098.872500	901814.485900	234172.684000	901802.289000
	234047.214800	901823.188300	234098.872500	901814.485900
	233949.771500	901841.152900	234047.214800	901823.188300
LINE: 24	657.492724
	234658.569400	902044.813200	234796.421800	902021.249900
	234606.137600	902052.845400	234658.569400	902044.813200
	234547.458300	902061.770100	234606.137600	902052.845400
	234419.390700	902082.965900	234547.458300	902061.770100
	234336.359100	902096.562500	234419.390700	902082.965900
	234283.077800	902105.812800	234336.359100	902096.562500
	234147.952900	902129.687400	234283.077800	902105.812800
LINE: 25	1016.611727
	234783.249600	901947.750300	234962.739900	901916.645700
	234710.952700	901958.937500	234783.249600	901947.750300
	234645.282000	901969.835400	234710.952700	901958.937500
	234591.843500	901978.687900	234645.282000	901969.835400
	234503.687400	901992.875400	234591.843500	901978.687900
	234460.156100	902000.000400	234503.687400	901992.875400
	234406.673100	902008.222600	234460.156100	902000.000400
	234270.437100	902030.250400	234406.673100	902008.222600
	234134.249700	902054.184300	234270.437100	902030.250400
	233959.997100	902083.858300	234134.249700	902054.184300
LINE: 26	862.123639
	233957.076700	901850.961300	233950.849200	901851.595600
	233984.492800	901846.327700	233957.076700	901850.961300
	234048.288000	901836.460900	233984.492800	901846.327700
	234098.075300	901828.760400	234048.288000	901836.460900
	234232.362200	901805.281600	234098.075300	901828.760400
	234400.600800	901776.351100	234232.362200	901805.281600
	234608.119000	901741.950300	234400.600800	901776.351100
	234744.979200	901718.485900	234608.119000	901741.950300
	234801.173200	901709.634900	234744.979200	901718.485900
LINE: 27	628.165574
	234345.105600	901381.515100	234331.104000	901383.821200
	234362.731700	901379.538300	234345.105600	901381.515100
	234399.137000	901376.738200	234362.731700	901379.538300
	234423.222500	901374.964600	234399.137000	901376.738200
	234441.489600	901372.669800	234423.222500	901374.964600
	234443.683500	901372.439900	234441.489600	901372.669800
	234517.108900	901364.750200	234443.683500	901372.439900
	234564.624600	901359.687500	234517.108900	901364.750200
	234624.406200	901353.562500	234564.624600	901359.687500
	234667.255500	901349.458800	234624.406200	901353.562500
	234956.140800	901321.792400	234667.255500	901349.458800
LINE: 28	636.192790
	234665.837300	901332.150100	234951.738600	901304.642400
	234614.684900	901337.072000	234665.837300	901332.150100
	234587.241700	901339.652500	234614.684900	901337.072000
	234561.593600	901342.437700	234587.241700	901339.652500
	234442.625200	901354.499400	234561.593600	901342.437700
	234393.593600	901358.750100	234442.625200	901354.499400
	234338.531000	901363.875200	234393.593600	901358.750100
	234318.640300	901366.937500	234338.531000	901363.875200
LINE: 29	603.323937
	230138.955000	904846.524300	230208.531200	904841.875300
	230121.546400	904847.687500	230138.955000	904846.524300
	230037.062400	904853.187400	230121.546400	904847.687500
	229996.854000	904858.149200	230037.062400	904853.187400
	229951.968500	904863.687500	229996.854000	904858.149200
	229887.850200	904869.884800	229951.968500	904863.687500
	229880.813800	904870.634400	229887.850200	904869.884800
	229858.015400	904873.062800	229880.813800	904870.634400
	229805.165800	904878.695800	229858.015400	904873.062800
	229763.609300	904883.125100	229805.165800	904878.695800
	229709.015200	904888.812400	229763.609300	904883.125100
	229664.504500	904893.976900	229666.399400	904893.757300
	229647.609000	904895.937400	229664.504500	904893.976900
	229608.234200	904900.799300	229647.609000	904895.937400
	229666.399400	904893.757300	229667.185900	904893.666200
	229667.185900	904893.666200	229709.015200	904888.812400
LINE: 30	749.227956
	233683.515100	901444.439900	233727.622400	901440.995200
	233661.829300	901446.946700	233683.515100	901444.439900
	233638.222500	901449.172300	233661.829300	901446.946700
	233574.265600	901456.437600	233638.222500	901449.172300
	233476.394200	901466.454900	233574.265600	901456.437600
	233388.349100	901474.511200	233476.394200	901466.454900
	233339.354800	901479.722300	233388.349100	901474.511200
	233221.518500	901490.720600	233339.354800	901479.722300
	233154.443500	901497.319800	233221.518500	901490.720600
	233124.462800	901499.790700	233154.443500	901497.319800
	233085.843700	901504.500100	233124.462800	901499.790700
	233000.873700	901510.862200	233085.843700	901504.500100
	233000.873700	901510.862200	232981.926600	901513.001300
LINE: 31	805.384159
	229138.160800	905115.812700	229185.316000	905121.039700
	229098.430700	905112.552800	229138.160800	905115.812700
	229038.439100	905110.026600	229098.430700	905112.552800
	228974.298800	905111.113600	229038.439100	905110.026600
	228548.731600	905110.923100	228974.298800	905111.113600
	228521.022700	905111.126900	228548.731600	905110.923100
	228497.795800	905110.108000	228521.022700	905111.126900
	228380.442800	905109.251400	228497.795800	905110.108000
LINE: 32	827.827569
	231627.171500	901604.687700	231555.339000	901597.505400
	231697.828100	901613.437800	231627.171500	901604.687700
	231729.753300	901617.222500	231697.828100	901613.437800
	231806.694100	901625.771400	231729.753300	901617.222500
	231870.482100	901633.991000	231806.694100	901625.771400
	231934.599400	901642.869600	231870.482100	901633.991000
	231996.230400	901648.926600	231934.599400	901642.869600
	232061.847300	901657.007500	231996.230400	901648.926600
	232134.328000	901665.250200	232061.847300	901657.007500
	232189.593300	901671.937400	232134.328000	901665.250200
	232206.452900	901674.562400	232189.593300	901671.937400
	232279.421700	901683.437400	232206.452900	901674.562400
	232314.359000	901686.562700	232279.421700	901683.437400
	232336.756400	901689.881500	232314.359000	901686.562700
	232377.202900	901695.874900	232336.756400	901689.881500
LINE: 33	910.877502
	230193.468600	903056.375200	230239.218400	903064.312700
	230166.328000	903051.125100	230193.468600	903056.375200
	230107.515600	903039.375200	230166.328000	903051.125100
	230082.303700	903034.320800	230107.515600	903039.375200
	230061.999800	903030.250400	230082.303700	903034.320800
	230045.825700	903026.760000	230061.999800	903030.250400
	229983.796400	903013.375300	230045.825700	903026.760000
	229938.187500	903003.000200	229983.796400	903013.375300
	229872.562400	902988.062600	229938.187500	903003.000200
	229773.640400	902961.687400	229872.562400	902988.062600
	229721.406200	902947.937600	229773.640400	902961.687400
	229669.624500	902933.875100	229721.406200	902947.937600
	229587.796700	902911.687500	229669.624500	902933.875100
	229561.006300	902904.513900	229587.796700	902911.687500
	229524.312300	902894.687600	229561.006300	902904.513900
	229518.705400	902893.236600	229524.312300	902894.687600
	229477.702900	902882.624900	229518.705400	902893.236600
	229413.655800	902865.624900	229477.702900	902882.624900
	229354.586800	902849.010500	229413.655800	902865.624900
LINE: 34	753.463738
	234401.032400	901191.142300	234421.748900	901200.778100
	234360.562400	901173.316500	234401.032400	901191.142300
	234305.639100	901150.913400	234360.562400	901173.316500
	234276.973300	901139.832700	234305.639100	901150.913400
	234228.072100	901117.188500	234276.973300	901139.832700
	234126.656200	901071.178100	234228.072100	901117.188500
	234041.659100	901032.817500	234126.656200	901071.178100
	233958.539500	900994.779500	234041.659100	901032.817500
	233825.364200	900933.834600	233958.539500	900994.779500
	233751.869100	900899.793300	233825.364200	900933.834600
	233734.761200	900891.588500	233751.869100	900899.793300
LINE: 35	780.456068
	232707.859200	900457.750400	232677.233900	900444.312400
	232790.999800	900494.999900	232707.859200	900457.750400
	232889.624800	900540.687700	232790.999800	900494.999900
	232927.765200	900560.250200	232889.624800	900540.687700
	232972.875000	900580.250000	232927.765200	900560.250200
	232999.999700	900592.125300	232972.875000	900580.250000
	233055.203000	900617.500000	233054.504700	900617.185600
	233136.265400	900652.312400	233055.203000	900617.500000
	233220.911300	900693.071700	233136.265400	900652.312400
	233238.607100	900700.626300	233220.911300	900693.071700
	233319.283900	900737.663900	233238.607100	900700.626300
	233387.362000	900767.816600	233319.283900	900737.663900
	233054.504700	900617.185600	232999.999700	900592.125300
LINE: 36	878.374278
	233644.968100	900885.581200	233580.537600	900856.012100
	233658.298600	900892.461400	233644.968100	900885.581200
	233688.437500	900907.499900	233658.298600	900892.461400
	233737.379500	900928.597900	233688.437500	900907.499900
	233831.474400	900971.193200	233737.379500	900928.597900
	233981.082800	901039.800200	233831.474400	900971.193200
	234011.458300	901054.464400	233981.082800	901039.800200
	234068.601600	901079.609700	234011.458300	901054.464400
	234139.905700	901112.125300	234068.601600	901079.609700
	234198.280900	901138.687900	234139.905700	901112.125300
	234201.642200	901140.285800	234198.280900	901138.687900
	234278.177500	901175.725400	234201.642200	901140.285800
	234354.540200	901210.293100	234278.177500	901175.725400
	234379.352300	901221.133700	234354.540200	901210.293100
LINE: 37	942.727680
	234412.893400	901185.217400	234446.799600	901200.310100
	234359.346400	901160.718200	234412.893400	901185.217400
	234280.266500	901124.537700	234359.346400	901160.718200
	234209.352900	901091.665300	234280.266500	901124.537700
	234168.417500	901073.265000	234209.352900	901091.665300
	234122.933500	901052.797300	234168.417500	901073.265000
	234095.746300	901040.082300	234122.933500	901052.797300
	234071.997100	901029.564800	234095.746300	901040.082300
	234026.192100	901008.993100	234071.997100	901029.564800
	233972.360400	900984.438600	234026.192100	901008.993100
	233918.056700	900959.883600	233972.360400	900984.438600
	233872.252600	900938.398600	233918.056700	900959.883600
	233816.532700	900913.843600	233872.252600	900938.398600
	233762.701000	900889.289100	233816.532700	900913.843600
	233706.036400	900864.262000	233762.701000	900889.289100
	233656.454900	900841.124200	233706.036400	900864.262000
	233588.929200	900809.486200	233656.454900	900841.124200
LINE: 38	837.216294
	233370.375400	901282.676100	233409.828100	901304.937800
	233318.929600	901251.207500	233370.375400	901282.676100
	233280.591600	901227.299200	233318.929600	901251.207500
	233239.546600	901200.812400	233280.591600	901227.299200
	233173.624500	901164.437900	233239.546600	901200.812400
	233098.312400	901116.374900	233173.624500	901164.437900
	233073.327800	901101.062500	233098.312400	901116.374900
	232999.999700	901056.749900	233073.327800	901101.062500
	232941.906100	901020.062600	232999.999700	901056.749900
	232856.546500	900962.875200	232941.906100	901020.062600
	232810.562300	900932.250000	232856.546500	900962.875200
	232773.343400	900905.125200	232810.562300	900932.250000
	232731.765500	900878.062400	232773.343400	900905.125200
	232701.702900	900859.000200	232731.765500	900878.062400
LINE: 39	1476.205943
	233755.499700	901409.062800	233763.739900	901413.908800
	233713.187000	901380.937600	233755.499700	901409.062800
	233657.093300	901343.062400	233713.187000	901380.937600
	233590.812400	901300.125000	233657.093300	901343.062400
	233560.877800	901280.281500	233590.812400	901300.125000
	233463.812300	901215.937400	233560.877800	901280.281500
	233375.656100	901153.312600	233463.812300	901215.937400
	233355.765500	901140.000100	233375.656100	901153.312600
	233304.280800	901105.250200	233355.765500	901140.000100
	233228.812500	901053.062500	233304.280800	901105.250200
	233191.093500	901026.499900	233228.812500	901053.062500
	233171.718400	901013.687700	233191.093500	901026.499900
	233112.062200	900972.250000	233171.718400	901013.687700
	233040.187100	900921.125200	233112.062200	900972.250000
	232999.999700	900893.500300	233040.187100	900921.125200
	232913.218300	900838.187400	232999.999700	900893.500300
	232790.718700	900758.750100	232913.218300	900838.187400
	232683.265200	900683.125100	232790.718700	900758.750100
	232590.749900	900624.187800	232683.265200	900683.125100
	232540.437200	900588.125000	232590.749900	900624.187800
LINE: 40	1118.005849
	232334.263500	900675.001200	232276.800200	900598.663500
	232398.452900	900755.250000	232334.263500	900675.001200
	232436.046500	900804.062600	232398.452900	900755.250000
	232462.203100	900838.187400	232436.046500	900804.062600
	232506.392800	900894.178700	232462.203100	900838.187400
	232538.624700	900934.000000	232506.392800	900894.178700
	232551.812300	900950.875000	232538.624700	900934.000000
	232600.015600	901005.437800	232551.812300	900950.875000
	232654.405800	901064.000400	232600.015600	901005.437800
	232700.717300	901116.779900	232654.405800	901064.000400
	232747.406000	901170.812800	232700.717300	901116.779900
	232795.640500	901226.000200	232747.406000	901170.812800
	232805.874900	901238.999900	232795.640500	901226.000200
	232831.265500	901271.625100	232805.874900	901238.999900
	232839.527100	901281.957200	232831.265500	901271.625100
	232886.187200	901340.312400	232839.527100	901281.957200
	232932.438200	901397.431700	232886.187200	901340.312400
	232983.640300	901464.187800	232932.438200	901397.431700
LINE: 41	1302.665855
	232571.140300	901688.187800	232602.664100	901726.822300
	232526.778600	901632.018800	232571.140300	901688.187800
	232479.906000	901572.625300	232526.778600	901632.018800
	232439.316200	901523.512700	232479.906000	901572.625300
	232412.843700	901490.562400	232439.316200	901523.512700
	232405.781200	901481.687400	232412.843700	901490.562400
	232397.558000	901471.561600	232405.781200	901481.687400
	232341.003500	901401.196900	232397.558000	901471.561600
	232325.220600	901383.112600	232341.003500	901401.196900
	232294.452900	901344.937800	232325.220600	901383.112600
	232278.093500	901325.875100	232294.452900	901344.937800
	232248.938200	901288.087900	232278.093500	901325.875100
	232232.812200	901267.312500	232248.938200	901288.087900
	232202.749700	901230.000000	232232.812200	901267.312500
	232188.593400	901213.187400	232202.749700	901230.000000
	232156.214500	901174.321000	232188.593400	901213.187400
	232143.719600	901158.866800	232156.214500	901174.321000
	232103.562500	901110.062400	232143.719600	901158.866800
	232081.593600	901082.499900	232103.562500	901110.062400
	232058.482400	901053.674900	232081.593600	901082.499900
	232040.452800	901031.187800	232058.482400	901053.674900
	231973.687000	900948.687700	232040.452800	901031.187800
	231962.187500	900933.125000	231973.687000	900948.687700
	231929.009900	900893.520700	231962.187500	900933.125000
	231923.511500	900886.368600	231929.009900	900893.520700
	231910.687400	900869.687700	231923.511500	900886.368600
	231893.831400	900850.255700	231910.687400	900869.687700
	231883.265200	900836.812700	231893.831400	900850.255700
	231835.952900	900778.250100	231883.265200	900836.812700
	231819.593400	900758.750100	231835.952900	900778.250100
	231783.109300	900714.437500	231819.593400	900758.750100
LINE: 42	1243.438953
	231977.468600	900702.437700	231961.984200	900683.375000
	232009.312500	900739.750300	231977.468600	900702.437700
	232035.214000	900773.835100	232009.312500	900739.750300
	232053.626600	900798.824300	232035.214000	900773.835100
	232099.296500	900854.999900	232053.626600	900798.824300
	232162.952900	900936.250200	232099.296500	900854.999900
	232226.202800	901018.312600	232162.952900	900936.250200
	232274.437300	901080.000400	232226.202800	901018.312600
	232320.046800	901136.250200	232274.437300	901080.000400
	232357.405900	901183.250300	232320.046800	901136.250200
	232365.664000	901195.035500	232357.405900	901183.250300
	232390.156000	901225.624900	232365.664000	901195.035500
	232411.038900	901251.590500	232390.156000	901225.624900
	232447.656100	901295.250300	232411.038900	901251.590500
	232458.057900	901308.145000	232447.656100	901295.250300
	232478.156000	901333.187400	232458.057900	901308.145000
	232493.240500	901352.862100	232478.156000	901333.187400
	232513.297600	901378.180500	232493.240500	901352.862100
	232538.312400	901408.125300	232513.297600	901378.180500
	232555.546800	901430.312800	232538.312400	901408.125300
	232595.343600	901479.562600	232555.546800	901430.312800
	232621.046500	901511.250300	232595.343600	901479.562600
	232641.860300	901536.993600	232621.046500	901511.250300
	232687.565000	901594.206100	232641.860300	901536.993600
	232737.214700	901655.363900	232687.565000	901594.206100
LINE: 43	1215.304481
	232790.765300	901511.750000	232835.346600	901576.745800
	232749.874900	901449.875300	232790.765300	901511.750000
	232708.279500	901390.017400	232749.874900	901449.875300
	232668.164800	901329.846100	232708.279500	901390.017400
	232656.375000	901313.000300	232668.164800	901329.846100
	232624.105200	901266.715000	232656.375000	901313.000300
	232614.375100	901253.125000	232624.105200	901266.715000
	232597.562100	901231.375200	232614.374600	901253.125000
	232581.031600	901210.489700	232597.562100	901231.375200
	232570.509500	901196.679500	232581.031600	901210.489700
	232536.971500	901153.606500	232570.509500	901196.679500
	232516.914900	901128.617300	232536.971500	901153.606500
	232483.376300	901085.872000	232516.914900	901128.617300
	232479.785700	901081.198400	232483.376300	901085.872000
	232445.234900	901036.222300	232479.785700	901081.198400
	232400.846000	900978.352500	232445.234900	901036.222300
	232354.484400	900919.496600	232400.846000	900978.352500
	232292.011200	900838.281100	232354.484400	900919.496600
	232228.551900	900756.080000	232292.011200	900838.281100
	232164.812500	900673.750400	232228.551900	900756.080000
	232122.624700	900617.437500	232164.812500	900673.750400
	232111.124700	900601.437500	232122.624700	900617.437500
LINE: 44	813.999829
	235168.656100	902168.000400	235212.881100	902239.143300
	235161.562300	902157.812600	235168.656100	902168.000400
	235122.301700	902107.564900	235161.562300	902157.812600
	235108.668600	902090.427800	235122.301700	902107.564900
	235087.565000	902063.900500	235108.668600	902090.427800
	235083.977400	902059.065200	235087.565000	902063.900500
	235078.781100	902052.062600	235083.977400	902059.065200
	235063.968500	902032.062800	235078.781100	902052.062600
	235050.287800	902013.118800	235063.968500	902032.062800
	235041.202900	902000.000400	235050.287800	902013.118800
	234977.452800	901909.937500	235041.202900	902000.000400
	234822.398200	901691.881300	234977.452800	901909.937500
	234780.560600	901631.618900	234822.398200	901691.881300
	234754.352900	901594.928000	234780.560600	901631.618900
	234749.677800	901587.703100	234754.352900	901594.928000
	234742.594800	901575.237000	234749.677800	901587.703100
LINE: 45	638.341012
	231978.874600	902209.812800	231969.921700	902191.750000
	232055.874800	902364.812700	232055.280900	902363.625300
	232087.895800	902430.984000	232055.874800	902364.812700
	232096.765100	902449.312600	232087.895800	902430.984000
	232119.405800	902496.125300	232096.765100	902449.312600
	232144.062200	902547.750300	232119.405800	902496.125300
	232163.874500	902587.250000	232144.062200	902547.750300
	232200.046800	902658.875200	232163.874500	902587.250000
	232226.390200	902705.250200	232200.046800	902658.875200
	232255.937200	902762.312600	232226.390200	902705.250200
	232055.280900	902363.625300	231978.874600	902209.812800
LINE: 46	824.879886
	233067.413200	902565.303200	233068.984000	902568.500100
	233051.874500	902533.687700	233067.413200	902565.303200
	233029.421800	902487.250300	233051.874500	902533.687700
	233002.124500	902437.312900	233029.421800	902487.250300
	232999.999700	902433.312600	233002.124500	902437.312900
	232972.233900	902380.500300	232999.999700	902433.312600
	232968.062200	902371.875200	232972.233900	902380.500300
	232952.218300	902340.562800	232968.062200	902371.875200
	232940.640500	902317.937500	232952.218300	902340.562800
	232885.328100	902209.812800	232940.640500	902317.937500
	232863.968500	902168.062800	232885.328100	902209.812800
	232863.624900	902167.375200	232863.968500	902168.062800
	232803.218600	902054.312800	232863.624900	902167.375200
	232783.562500	902017.500000	232803.218600	902054.312800
	232774.671600	902000.000400	232783.562500	902017.500000
	232748.722900	901951.617900	232774.671600	902000.000400
	232689.234100	901836.312400	232748.722900	901951.617900
LINE: 47	706.723686
	232643.452600	902129.375100	232644.093700	902130.624900
	232683.043000	902207.792500	232684.062400	902209.812800
	232704.874700	902251.062600	232704.999600	902251.312500
	232781.843700	902401.562500	232900.837100	902629.395800
	232744.316600	902328.215900	232781.687000	902401.312600
	232704.999600	902251.312500	232744.316600	902328.215900
	232684.062400	902209.812800	232704.874700	902251.062600
	232667.124900	902176.250200	232683.043000	902207.792500
	232644.093700	902130.624900	232667.124900	902176.250200
	232591.624900	902025.437600	232643.452600	902129.375100
	232578.796800	902000.000400	232591.624900	902025.437600
LINE: 48	707.368869
	233302.000300	902702.562700	233313.888500	902727.181700
	233271.765200	902633.249600	233302.000300	902702.562700
	233255.406300	902593.000800	233271.765200	902633.249600
	233191.531200	902450.375000	233255.405800	902593.000300
	233149.484200	902357.937500	233191.531200	902450.375000
	233109.718700	902266.375000	233149.484200	902357.937500
	233085.421800	902209.812800	233109.718700	902266.375000
	233083.109100	902204.437900	233085.421800	902209.812800
	233051.077800	902128.500100	233083.109100	902204.437900
	233029.499600	902079.562600	233051.077800	902128.500100
LINE: 49	695.880222
	233080.940200	902009.859400	233096.953000	902044.437900
	233129.765600	902124.562800	233096.953000	902044.437900
	233148.906200	902169.749900	233129.765600	902124.562800
	233166.249700	902209.812800	233148.906200	902169.749900
	233180.468400	902242.624900	233166.249700	902209.812800
	233307.859200	902533.312900	233330.234100	902580.312400
	233285.968600	902482.875200	233307.859200	902533.312900
	233261.156100	902429.000000	233285.968600	902482.875200
	233237.390500	902373.750100	233261.156100	902429.000000
	233203.593400	902297.562500	233237.390500	902373.750100
	233203.593400	902297.562500	233180.468400	902242.624900
	233076.374700	902000.000400	233080.940200	902009.859400
	233064.842500	901975.668100	233076.374700	902000.000400
	233049.656000	901943.625100	233064.842500	901975.668100
LINE: 50	1021.949629
	233867.765500	902414.437700	233893.329600	902483.511700
	233853.984000	902382.312800	233867.765500	902414.437700
	233831.953100	902327.500100	233853.984000	902382.312800
	233815.293100	902285.812100	233831.953100	902327.500100
	233784.056500	902213.520200	233815.293100	902285.812100
	233756.765900	902144.993600	233784.056500	902213.520200
	233742.874800	902113.812800	233756.765900	902144.993600
	233723.252900	902066.623900	233742.874800	902113.812800
	233708.262600	902031.371600	233723.252900	902066.623900
	233693.107900	901996.119900	233708.262600	902031.371600
	233671.528100	901942.253400	233693.107900	901996.119900
	233625.404100	901835.508600	233671.528100	901942.253400
	233599.858900	901779.125100	233625.404100	901835.508600
	233584.187100	901742.625100	233599.858900	901779.125100
	233562.452700	901689.624900	233584.187100	901742.625100
	233556.390600	901672.375100	233562.452700	901689.624900
	233546.281200	901646.500200	233556.390600	901672.375100
	233536.765100	901622.062400	233546.281200	901646.500200
	233526.452900	901599.750000	233536.765100	901622.062400
	233513.054400	901567.357800	233526.452900	901599.750000
	233501.357800	901539.949900	233513.054400	901567.357800
LINE: 51	775.053941
	233383.267000	902531.633500	233398.952700	902569.250200
	233372.031200	902504.687500	233383.267000	902531.633500
	233352.265400	902459.499900	233372.031200	902504.687500
	233340.494500	902429.316000	233352.265400	902459.499900
	233329.452800	902401.000300	233340.494500	902429.316000
	233299.796700	902331.750300	233329.452800	902401.000300
	233259.640500	902237.500300	233299.796700	902331.750300
	233248.203000	902209.812800	233259.640500	902237.500300
	233232.213200	902171.062600	233248.203000	902209.812800
	233207.702700	902113.624900	233232.213200	902171.062600
	233164.986100	902009.133400	233207.702700	902113.624900
	233124.297900	901912.931700	233164.986100	902009.133400
	233101.894900	901853.464400	233124.297900	901912.931700
LINE: 52	768.327915
	234348.265200	902488.812400	234360.515300	902562.812800
	234335.468200	902410.000200	234348.265200	902488.812400
	234320.765100	902332.125000	234335.468200	902410.000200
	234308.437200	902257.624900	234320.765100	902332.125000
	234300.374700	902209.812800	234308.437200	902257.624900
	234295.562500	902181.249900	234300.374700	902209.812800
	234283.077800	902105.812800	234295.562500	902181.249900
	234270.437100	902030.250400	234283.077800	902105.812800
	234264.905900	902000.000400	234270.437100	902030.250400
	234257.890500	901957.125000	234264.905900	902000.000400
	234244.140200	901881.166700	234257.890500	901957.125000
	234232.362200	901805.281600	234244.140200	901881.166700
LINE: 53	833.438304
	234757.658300	901795.817300	234744.979200	901718.485900
	234718.406900	901571.638600	234708.454100	901500.438400
	234732.024500	901644.823400	234718.406900	901571.638600
	234743.129300	901707.202400	234732.024500	901644.823400
	234743.129300	901707.202400	234744.979200	901718.485900
	234769.986800	901870.735200	234757.658300	901795.817300
	234783.249600	901947.750300	234769.986800	901870.735200
	234796.421800	902021.249900	234783.249600	901947.750300
	234808.393900	902094.066000	234796.421800	902021.249900
	234821.196500	902170.880400	234808.393900	902094.066000
	234828.171500	902209.812800	234821.196500	902170.880400
	234834.140400	902246.312800	234828.171500	902209.812800
	234834.749700	902250.000200	234834.140400	902246.312800
	234846.716600	902322.276200	234834.749700	902250.000200
LINE: 54	601.170543
	234502.089400	902575.780200	234506.703100	902601.000300
	234495.624900	902540.437900	234502.089400	902575.780200
	234482.437300	902465.125200	234495.624900	902540.437900
	234469.367500	902387.572600	234482.437300	902465.125200
	234456.765100	902310.124900	234469.367500	902387.572600
	234444.827900	902235.250000	234456.765100	902310.124900
	234440.593600	902209.812800	234444.827900	902235.250000
	234432.030900	902158.437700	234440.593600	902209.812800
	234427.970300	902133.823300	234432.030900	902158.437700
	234419.390700	902082.965900	234427.970300	902133.823300
	234406.673100	902008.222600	234419.390700	902082.965900
LINE: 55	692.530758
	234198.374600	902431.937400	234211.952900	902511.812500
	234184.468700	902354.250100	234198.374600	902431.937400
	234171.984100	902279.937400	234184.468700	902354.250100
	234159.656100	902209.812800	234171.984100	902279.937400
	234158.937300	902205.687700	234159.656100	902209.812800
	234147.952900	902129.687400	234158.937300	902205.687700
	234134.249700	902054.184300	234147.952900	902129.687400
	234129.117900	902021.386100	234134.249700	902054.184300
	234122.871000	901978.548100	234129.117900	902021.386100
	234109.952200	901904.400800	234122.871000	901978.548100
	234098.075300	901828.760400	234109.952200	901904.400800
LINE: 56	842.307263
	234721.734400	902424.000400	234708.819700	902346.794900
	234696.155900	902267.937600	234708.819700	902346.794900
	234686.203100	902209.812800	234696.155900	902267.937600
	234683.578100	902194.375000	234686.203100	902209.812800
	234669.938400	902118.722400	234683.578100	902194.375000
	234658.569400	902044.813200	234669.938400	902118.722400
	234645.282000	901969.835400	234658.569400	902044.813200
	234632.479400	901893.495200	234645.282000	901969.835400
	234619.677400	901817.629000	234632.479400	901893.495200
	234608.119000	901741.950300	234619.677400	901817.629000
	234606.353600	901730.390400	234608.119000	901741.950300
	234595.701500	901667.383700	234606.353600	901730.390400
	234583.949500	901593.068900	234595.701500	901667.383700
LINE: 57	758.874205
	231342.843600	903840.375200	231345.749700	903876.437900
	231337.093300	903767.500100	231342.843600	903840.375200
	231333.425900	903718.428500	231337.093300	903767.500100
	231332.515500	903706.250100	231333.425900	903718.428500
	231326.749900	903634.375000	231332.515500	903706.250100
	231323.713200	903593.470300	231326.749900	903634.375000
	231323.093700	903585.125200	231323.713200	903593.470300
	231321.425600	903559.918400	231323.093700	903585.125200
	231319.999700	903539.937600	231321.425600	903559.918400
	231315.937500	903490.000200	231319.999700	903539.937600
	231312.280800	903439.750000	231315.937500	903490.000200
	231308.624600	903395.125100	231312.280800	903439.750000
	231306.140400	903345.000300	231308.624600	903395.125100
	231303.009500	903317.088600	231306.140400	903345.000300
	231300.530900	903289.500000	231303.009500	903317.088600
	231296.265400	903228.875100	231300.530900	903289.500000
	231292.124900	903175.250300	231296.265400	903228.875100
	231290.187500	903142.999900	231292.124900	903175.250300
	231288.874700	903119.750000	231290.187500	903142.999900
LINE: 58	762.506615
	231286.693100	903233.353100	231278.234300	903123.312500
	231290.687200	903285.312900	231286.693100	903233.353100
	231293.570800	903318.289300	231290.687200	903285.312900
	231295.812300	903347.250000	231295.624900	903344.937800
	231299.765500	903421.375300	231295.812300	903347.250000
	231301.515500	903439.874900	231299.765500	903421.375300
	231306.077900	903488.500100	231301.515500	903439.874900
	231309.968600	903540.812700	231306.077900	903488.500100
	231311.083200	903559.789900	231309.968600	903540.812700
	231314.327800	903588.812700	231311.083200	903559.789900
	231314.624700	903593.749900	231314.327800	903588.812700
	231317.380800	903638.920600	231314.624700	903593.749900
	231317.984000	903648.812400	231317.380800	903638.920600
	231324.296400	903719.687500	231317.984000	903648.812400
	231327.874800	903767.562600	231324.296400	903719.687500
	231333.273300	903845.087600	231327.874800	903767.562600
	231335.953100	903883.562900	231333.273300	903845.087600
	231295.624900	903344.937800	231293.570800	903318.289300
